7638441993
7638433075
7638202607
7632942386
7637760287
7637731245
7636688114
7626734405
7636692093
7634883160
7636564051
7636512431
7636505189
7636459192
7633868793
7626367639
7622810098
7625825005
7628250084
7628187738
7627738748
7627487861
7626769041
7626405933
7625809862
7625742838
7621011712
7623881438
7622406824
7636360290
7632882750
7634602595
7623101668
7635253674
7625129694
7635019995
7634904353
7633874637
7630853287
7627504463
7626118328
7631198591
7630861232
7636382490
7636025782
7635617311
7628798766
7627980201
7679278768
7679140794
7679138202
7677227522
7671069719
7679054991
7678983119
7672887703
7678763453
7675405107
7672826281
7672931395
7678326828
7677973735
7673347994
7677830003
7674199060
7677586830
7677585647
7669668110
7677430908
7677224009
7677222504
7677170022
7670075914
7676860667
7676860292
7672575280
7666563943
7666899182
7675839887
7675678982
7675489604
7668830067
7670263309
7675124080
7665657767
7675058377
7675031021
7675025608
7674728859
7670030450
7673995121
7673994754
7673549842
7673534090
7673470145
7673388438
7673082687
7671487322
7672441374
7672208734
7672178225
7664638304
7671781136
7671174865
7671172608
7670462425
7664302572
7669316931
7669217971
7658614831
7657442092
7665714657
7667488180
7666929566
7656424249
7657376708
7662479420
7661811211
7660280852
7655628166
7658374447
7658189373
7664645895
7664237451
7664121949
7663220202
7658564942
